71 75 4
69 75 4
68 75 4
69 75 4
72 300 5
74 75 5
72 75 5
71 75 4
72 75 5
76 300 5
77 75 5
76 75 5
75 75 5
76 75 5
83 75 5
81 75 5
80 75 5
81 75 5
83 75 5
81 75 5
80 75 5
81 75 5
84 300 6
81 150 5
84 150 6
83 150 5
81 150 5
79 150 5
81 150 5
83 150 5
81 150 5
79 150 5
81 150 5
83 150 5
81 150 5
79 150 5
78 150 5
76 300 5
71 75 4
69 75 4
68 75 4
69 75 4
72 300 5
74 75 5
72 75 5
71 75 4
72 75 5
76 300 5
77 75 5
76 75 5
75 75 5
76 75 5
83 75 5
81 75 5
80 75 5
81 75 5
83 75 5
81 75 5
80 75 5
81 75 5
84 300 6
81 150 5
84 150 6
83 150 5
81 150 5
79 150 5
81 150 5
83 150 5
81 150 5
79 150 5
81 150 5
83 150 5
81 150 5
79 150 5
78 150 5
76 300 5